<?xml version="1.0"?>
<opencv_storage>
<loc_data type_id="opencv-matrix">
  <rows>12</rows>
  <cols>2</cols>
  <dt>f</dt>
  <data>
    7.51049561e+002 3.98549713e+002 5.51711731e+002 3.95982758e+002
    3.40393158e+002 3.99909698e+002 1.96288620e+002 4.03654968e+002
    7.24772400e+002 3.57644012e+002 5.66097534e+002 3.55042938e+002
    3.98729034e+002 3.55696716e+002 2.32804260e+002 3.59384094e+002
    7.03759460e+002 3.34510376e+002 6.01447388e+002 3.30951874e+002
    2.42389114e+002 3.35818298e+002 2.73172607e+002 3.33964874e+002</data></loc_data>
</opencv_storage>
