<?xml version="1.0"?>
<opencv_storage>
<v2_loc_data type_id="opencv-matrix">
  <rows>12</rows>
  <cols>2</cols>
  <dt>f</dt>
  <data>
    7.04908264e+002 4.06761749e+002 5.20942444e+002 4.08483032e+002
    2.92886047e+002 4.01428680e+002 1.56513885e+002 3.82449585e+002
    6.79406189e+002 3.62133972e+002 5.33944580e+002 3.67603668e+002
    3.61890747e+002 3.63896942e+002 1.92799454e+002 3.46955750e+002
    6.62551270e+002 3.38343323e+002 5.71754822e+002 3.34403870e+002
    2.11941132e+002 3.26879150e+002 2.42458832e+002 3.26015533e+002</data></v2_loc_data>
</opencv_storage>
